48
48 1 98 96 3 3 5 9 9 8
46 2 104 60 2 1 5 8 9 6
44 3 120 78 3 3 9 7 8 5
12 4 146 76 2 1 7 6 5 9
20 5 144 82 3 3 6 6 6 6
45 6 75 74 2 1 9 7 7 7
39 7 143 79 3 2 7 6 5 9
24 8 94 81 3 1 5 9 9 8
43 9 67 60 3 1 8 7 9 9
41 10 113 96 3 1 9 7 8 9
23 11 130 90 3 2 6 7 6 8
11 12 130 90 3 2 6 8 6 9
38 13 108 86 2 2 9 6 6 7
21 14 128 68 3 3 5 6 9 9
17 15 128 59 3 1 8 6 6 7
35 16 106 87 1 1 9 8 7 7
4 17 122 71 2 2 5 7 6 7
33 18 78 54 2 2 8 9 9 6
19 19 118 55 2 1 5 6 6 7
16 20 93 58 3 1 9 8 9 9
18 21 104 96 2 2 8 8 6 9
6 22 117 72 2 3 7 6 8 7
13 23 77 72 3 2 5 7 9 5
47 24 114 63 2 3 7 8 7 8
31 25 73 59 3 1 9 6 6 5
14 26 63 55 3 3 6 6 9 7
40 27 78 73 1 3 8 9 6 9
27 28 103 92 1 3 6 9 7 5
36 29 109 71 2 2 7 7 5 5
25 30 67 54 1 1 9 7 6 6
3 31 109 52 3 3 7 6 5 7
28 32 69 68 3 1 6 7 8 7
34 33 84 58 2 1 8 6 5 8
7 34 108 98 3 1 7 6 7 8
15 35 95 90 3 1 5 7 7 8
5 36 79 79 3 3 8 8 7 8
2 37 99 99 2 2 6 6 7 7
10 39 65 52 1 2 8 8 9 5
29 40 79 79 1 2 6 6 7 7
37 41 78 60 3 3 6 8 7 6
32 44 71 53 3 3 6 8 6 8
9 45 69 59 3 3 8 9 6 8
8 57 61 50 2 1 8 6 6 6
30 58 58 52 3 1 5 8 8 6
22 61 67 64 1 2 7 6 7 6
1 63 65 55 3 3 6 7 7 9
26 65 59 56 2 1 6 8 5 9
42 80 54 54 2 3 6 9 5 6
