48
1 6 7 65 3 5 0
2 6 7 99 2 5 0
3 7 5 109 3 5 0
4 5 6 122 2 5 0
5 8 7 79 3 5 0
6 7 8 117 2 5 0
7 7 7 108 3 5 0
8 8 6 61 2 5 0
9 8 6 69 3 5 0
10 8 9 65 1 5 0
11 6 6 130 3 5 0
12 7 5 146 2 5 0
13 5 9 77 3 5 0
14 6 9 63 3 5 0
15 5 7 95 3 5 0
16 9 9 93 3 5 0
17 8 6 128 3 5 0
18 8 6 104 2 5 0
19 5 6 118 2 5 0
20 6 6 144 3 5 0
21 5 9 128 3 5 0
22 7 7 67 1 5 0
23 6 6 130 3 5 0
24 5 9 94 3 5 0
25 9 6 67 1 5 0
26 6 5 59 2 5 0
27 6 7 103 1 5 0
28 6 8 69 3 5 0
29 6 7 79 1 5 0
30 5 8 58 3 5 0
31 9 6 73 3 5 0
32 6 6 71 3 5 0
33 8 9 78 2 5 0
34 8 5 84 2 5 0
35 9 7 106 1 5 0
36 7 5 109 2 5 0
37 6 7 78 3 5 0
38 9 6 108 2 5 0
39 7 5 143 3 5 0
40 8 6 78 1 5 0
41 9 8 113 3 5 0
42 6 5 54 2 5 0
43 8 9 67 3 5 0
44 9 8 120 3 5 0
45 9 7 75 2 5 0
46 5 9 104 2 5 0
47 7 7 114 2 5 0
48 5 9 98 3 5 0
108
1 9 8 96 3 0 2
2 8 6 60 1 0 2
3 7 5 78 3 0 1
4 6 9 76 1 0 3
5 6 6 82 3 0 3
6 7 7 74 1 0 1
7 6 9 79 2 0 3
8 9 8 81 1 0 2
9 7 9 60 1 0 2
10 7 9 96 1 0 1
11 7 8 90 2 0 3
12 8 9 90 2 0 3
13 6 7 86 2 0 1
14 6 9 68 3 0 3
15 6 7 59 1 0 3
16 8 7 87 1 0 1
17 7 7 71 2 0 3
18 9 6 54 2 0 2
19 6 7 55 1 0 3
20 8 9 58 1 0 2
21 8 9 96 2 0 1
22 6 7 72 3 0 3
23 7 5 72 2 0 2
24 8 8 63 3 0 3
25 6 5 59 1 0 1
26 6 7 55 3 0 2
27 9 9 73 3 0 1
28 9 5 92 3 0 2
29 7 5 71 2 0 3
30 7 6 54 1 0 1
31 6 7 52 3 0 3
32 7 7 68 1 0 2
33 6 8 58 1 0 1
34 6 8 98 1 0 2
35 7 8 90 1 0 2
36 8 8 79 3 0 1
37 6 7 99 2 0 2
38 7 8 97 3 0 2
39 8 5 52 2 0 2
40 6 7 79 2 0 1
41 8 6 60 3 0 3
42 9 5 98 2 0 3
43 8 7 99 2 0 3
44 8 8 53 3 0 3
45 9 8 59 3 0 3
46 8 9 92 1 0 1
47 6 9 99 1 0 3
48 7 8 85 1 0 2
49 8 6 99 1 0 3
50 6 7 95 3 0 1
51 7 5 82 3 0 1
52 7 6 82 3 0 1
53 6 7 73 3 0 1
54 7 5 75 3 0 1
55 7 9 90 2 0 2
56 7 9 68 1 0 3
57 6 6 50 1 0 1
58 8 6 52 1 0 2
59 8 5 97 2 0 1
60 6 6 93 2 0 2
61 6 6 64 2 0 3
62 8 7 79 3 0 2
63 7 9 55 3 0 3
64 7 7 88 2 0 2
65 8 9 56 1 0 1
66 6 9 87 1 0 2
67 7 8 95 1 0 2
68 8 8 87 1 0 2
69 9 8 57 2 0 1
70 7 5 59 3 0 2
71 7 8 74 3 0 2
72 7 8 58 2 0 2
73 7 9 69 2 0 2
74 8 8 97 1 0 2
75 8 5 92 2 0 3
76 9 6 57 2 0 3
77 9 6 81 2 0 3
78 6 9 80 3 0 3
79 7 6 66 2 0 1
80 9 6 54 3 0 2
81 8 6 70 1 0 2
82 9 7 85 3 0 1
83 6 8 57 2 0 1
84 6 9 61 3 0 2
85 6 5 68 3 0 1
86 7 9 61 3 0 3
87 9 5 55 1 0 2
88 6 8 68 1 0 2
89 8 7 67 3 0 1
90 8 6 93 1 0 1
91 9 9 64 1 0 3
92 7 7 75 3 0 1
93 8 7 94 3 0 3
94 9 7 91 2 0 3
95 7 8 75 2 0 3
96 8 7 86 3 0 3
97 8 8 80 1 0 3
98 7 8 85 2 0 1
99 6 6 55 2 0 1
100 9 5 56 1 0 3
101 7 5 67 3 0 2
102 7 6 81 2 0 1
103 6 5 70 1 0 1
104 8 7 96 2 0 1
105 8 9 72 3 0 1
106 6 8 72 2 0 2
107 9 7 50 1 0 2
108 8 9 72 1 0 3
