95
1 6 9 68 3 5 0
2 8 7 109 1 5 0
3 5 7 137 1 5 0
4 8 7 71 2 5 0
5 9 6 54 2 5 0
6 5 7 55 1 5 0
7 5 9 108 1 5 0
8 7 9 146 2 5 0
9 9 7 122 3 5 0
10 5 5 72 2 5 0
11 7 8 63 3 5 0
12 9 5 59 1 5 0
13 6 7 105 3 5 0
14 9 9 123 3 5 0
15 5 5 92 3 5 0
16 8 5 71 2 5 0
17 8 6 104 1 5 0
18 9 7 52 3 5 0
19 6 7 118 1 5 0
20 7 8 108 1 5 0
21 8 8 98 1 5 0
22 8 8 140 1 5 0
23 6 8 79 3 5 0
24 8 7 99 2 5 0
25 8 8 147 3 5 0
26 6 5 102 2 5 0
27 8 7 79 2 5 0
28 9 6 110 3 5 0
29 7 5 98 2 5 0
30 9 7 149 2 5 0
31 7 8 53 3 5 0
32 7 8 109 3 5 0
33 9 9 142 1 5 0
34 9 9 99 1 5 0
35 9 8 85 1 5 0
36 8 6 99 1 5 0
37 8 7 145 3 5 0
38 9 5 132 3 5 0
39 9 6 82 3 5 0
40 5 7 73 3 5 0
41 9 5 75 3 5 0
42 7 9 140 2 5 0
43 7 9 118 1 5 0
44 7 6 50 1 5 0
45 9 6 102 1 5 0
46 6 5 97 2 5 0
47 5 6 143 2 5 0
48 7 6 64 2 5 0
49 5 7 129 3 5 0
50 9 9 105 3 5 0
51 8 7 138 2 5 0
52 5 9 106 1 5 0
53 5 9 87 1 5 0
54 7 8 95 1 5 0
55 8 8 87 1 5 0
56 7 8 107 2 5 0
57 9 5 109 3 5 0
58 5 8 124 3 5 0
59 6 8 108 2 5 0
60 7 9 119 2 5 0
61 9 8 97 1 5 0
62 7 5 142 2 5 0
63 5 6 107 2 5 0
64 7 6 81 2 5 0
65 5 9 80 3 5 0
66 6 6 66 2 5 0
67 9 6 54 3 5 0
68 8 6 120 1 5 0
69 9 7 135 3 5 0
70 6 8 57 2 5 0
71 9 9 61 3 5 0
72 6 5 68 3 5 0
73 9 9 61 3 5 0
74 6 5 105 1 5 0
75 8 8 68 1 5 0
76 7 7 67 3 5 0
77 9 6 143 1 5 0
78 8 9 64 1 5 0
79 7 7 125 3 5 0
80 5 7 144 3 5 0
81 5 7 141 2 5 0
82 8 8 75 2 5 0
83 8 7 86 3 5 0
84 5 8 80 1 5 0
85 6 8 135 2 5 0
86 9 6 55 2 5 0
87 8 5 56 1 5 0
88 9 5 117 3 5 0
89 7 6 131 2 5 0
90 6 5 120 1 5 0
91 7 7 146 2 5 0
92 5 9 122 3 5 0
93 5 8 122 2 5 0
94 8 7 100 1 5 0
95 9 9 72 1 5 0
47
1 9 7 54 2 0 1
2 8 6 90 2 0 2
3 8 7 83 3 0 2
4 9 9 72 1 0 1
5 9 6 57 1 0 1
6 9 6 69 2 0 3
7 9 8 83 3 0 1
8 6 6 97 1 0 1
9 6 9 98 1 0 1
10 8 5 52 3 0 1
11 9 6 60 2 0 2
12 7 9 50 2 0 3
13 7 6 64 1 0 3
14 8 7 97 2 0 2
15 9 7 72 2 0 1
16 8 9 90 2 0 1
17 9 8 57 3 0 3
18 7 8 70 3 0 3
19 7 7 65 2 0 1
20 6 7 92 1 0 1
21 6 9 81 2 0 2
22 7 8 95 2 0 1
23 7 8 76 2 0 3
24 7 7 82 3 0 1
25 8 8 60 1 0 1
26 7 6 85 2 0 1
27 9 9 76 2 0 2
28 6 5 78 2 0 3
29 8 6 60 3 0 3
30 7 8 82 1 0 1
31 9 8 75 3 0 2
32 7 8 58 3 0 1
33 8 7 97 1 0 1
34 7 6 51 1 0 3
35 6 9 98 1 0 2
36 7 7 90 1 0 2
37 6 6 87 1 0 3
38 7 6 52 2 0 3
39 9 8 98 3 0 1
40 6 5 66 2 0 3
41 6 8 93 2 0 1
42 9 7 74 2 0 3
43 7 7 83 2 0 2
44 8 6 93 2 0 2
45 8 6 59 3 0 1
46 8 6 62 2 0 2
47 6 7 50 3 0 3
