98
49 3 10 0 1 46
83 3 10 0 3 44
87 3 10 0 1 42
96 3 10 0 2 44
3 1 11 0 0 0
13 1 11 0 0 0
18 2 11 5 0 0
51 1 11 0 0 0
53 3 11 0 3 43
60 1 11 0 0 0
81 1 11 0 0 0
8 3 12 0 2 47
12 2 12 9 0 0
35 3 12 0 1 42
75 3 12 0 3 47
84 1 12 0 0 0
97 1 12 0 0 0
25 3 13 0 3 47
45 2 13 9 0 0
47 3 13 0 3 40
91 2 13 9 0 0
14 3 14 0 2 48
19 1 14 0 0 0
22 3 14 0 1 42
38 3 14 0 3 40
65 3 14 0 2 43
70 1 14 0 0 0
73 3 14 0 1 45
86 3 14 0 1 42
57 3 15 0 1 46
5 3 16 0 1 46
21 3 16 0 1 43
31 2 16 6 0 0
37 3 16 0 2 45
95 2 16 6 0 0
4 3 17 0 3 49
7 3 17 0 1 42
11 3 17 0 2 46
42 1 17 0 0 0
98 1 17 0 0 0
27 3 18 0 1 43
46 3 18 0 1 42
48 1 18 0 0 0
63 3 18 0 1 41
77 2 18 6 0 0
78 3 18 0 3 43
79 2 18 5 0 0
85 3 18 0 2 42
9 2 19 7 0 0
64 1 19 0 0 0
68 1 19 0 0 0
33 1 20 0 0 0
71 1 20 0 0 0
72 3 20 0 3 42
82 2 20 8 0 0
94 1 20 0 0 0
16 2 21 5 0 0
39 1 21 0 0 0
58 2 21 7 0 0
80 2 21 5 0 0
17 3 23 0 3 40
44 3 23 0 1 45
62 1 23 0 0 0
89 3 23 0 3 41
90 2 23 9 0 0
93 1 23 0 0 0
23 1 24 0 0 0
24 1 24 0 0 0
28 3 24 0 2 42
54 2 24 9 0 0
55 1 24 0 0 0
74 3 24 0 2 49
2 3 25 0 2 42
15 3 25 0 1 43
41 1 25 0 0 0
59 2 25 7 0 0
61 3 25 0 3 47
76 1 25 0 0 0
6 2 26 6 0 0
20 1 26 0 0 0
26 1 26 0 0 0
29 1 26 0 0 0
36 2 26 6 0 0
43 1 26 0 0 0
56 3 26 0 1 41
1 2 27 5 0 0
40 2 27 6 0 0
69 1 27 0 0 0
10 1 28 0 0 0
34 3 28 0 3 41
50 3 28 0 2 46
66 3 28 0 3 40
67 2 28 8 0 0
30 1 29 0 0 0
32 1 29 0 0 0
52 3 29 0 2 44
88 3 29 0 2 48
92 3 29 0 2 49
